Pistol 0 15,0 0,15 9mm 12 1,5 0,9
Shotgun 250 25,0 0,6 12gauge 6 3,0 2,5
Deagle 750 50,0 0,8 44Magnum 7 2,5 1,7
AK-47 2500 20,0 0,14 7.62mm 30 2,8 0,8
MP7 3250 17,0 0,07 4.6mm 40 2,5 0,4
Famas 5000 23,0 0,08 5.56mm 25 2,6 0,7
Spas-12 8500 45,0 1,0 12gauge 8 3,5 3,0
AWM 10000 125,0 1,0 7.62mm 5 3,8 5,0
Railgun 13750 175,0 1,25 7.62mm 3 4,0 5,0
M249 15000 15,0 0,06 5.56mm 100 5,0 0,2
LaserGun 17500 35,0 0,7 none 10 1,7 0,3
Flamethrower 18000 4,0 0,06 none 100 0 0,1
RocketLauncher 25000 200,0 0 none 1 4,5 4,0